UEC SYSTEM PARAMETER FILE CREATED BY VERSION 3.64
------------------------------ STATION INFORMATION ------------------------------
 STATION NAME        	
MAIN UNIT SOFTWARE   	  0.00
MAIN UNIT HARDWARE   	 0	Version 1
PLC I/O TYPE         	 0	Unknown
PLC CARD VERSION     	 0	Version 1
MAIN COMM SPEED      	 38400	BPS
--------------------------------- SPINDLE 01 ---------------------------------
	AXIS COMM SPEED      	 38400	BPS
	UNIT                 	00	Nm
	SOFTWARE VERSION     	213	2.13
	EXTERNAL GEAR RATIO  	 1.000
	SERVO TYPE           	 80	 1.000
	FUNCTION VERSION     	 100
	AMPLIFIRE VERSION    	 20
------------------------------- TOOL INFORMATION -------------------------------
	PROTOCOL             	  
	TOOL NAME            	                    
	DECIMAL POINT        	0
	CW CAL TORQUE        	0
	CCW CAL TORQUE       	0
	CAL VOLTAGE          	0
	ZERO VOLTAGE         	0
	ENCODER PULSE        	0
	MOTOR TYPE           	0
	TRANSMISSION         	0
	SERIAL NUMBER        	       
	PO NUMBER            	       
	------------------------- PARAMETER 01 -------------------------
	TOOL                 	UNR-F050-880NT      
0010	0000	0000	9999	0000	0000	0000	0300	0100	0100	0100	1471	9999	0000	0000	0150	0200	0000	0300	0100	0300	0000	0000	0200	0100	0150	0000	0200	0100	0180	0010	0180	0010	0010	0100	0010	0999	9000	9000	0000	0000	0000	0030	0000	0000	0000	0000	0000	0000	0000	0100	0000	0050	0010	0001	0005	0005	0005	0001	0001	0003	0003	0100	0000	0000	0000	0000	0000	0000	0000	0000	0000	0000	0000	0000	0000	
	------------------------- PARAMETER 02 -------------------------
	TOOL                 	UNR-F050-880NT      
0010	0000	0000	9999	0000	0000	0000	0050	0100	0100	0100	1471	9999	0300	0000	0400	0650	0001	0700	0600	0700	0600	0000	0200	0100	0150	0000	0200	0100	0180	0010	0180	0010	0010	0100	0010	0999	9000	9000	0000	0000	0000	0040	0000	0000	0000	0000	0000	0000	0002	0100	0000	0050	0010	0001	0005	0005	0005	0001	0001	0003	0003	0100	0000	0000	0000	0000	0000	0000	0000	0000	0000	0000	0000	0000	0000	
	------------------------- PARAMETER 03 -------------------------
	TOOL                 	UNR-F050-880NT      
0010	0000	0000	9999	0000	0000	0000	0030	0100	0100	0100	1471	9999	0050	0000	0050	0070	0001	0080	0060	0080	0060	0000	0200	0100	0150	0000	0200	0100	0180	0010	0180	0010	0010	0100	0010	0999	9000	9000	0000	0000	0000	0020	0000	0000	0000	0000	0000	0000	0000	0100	0001	0015	0010	0003	0005	0005	0005	0001	0001	0003	0003	0100	0000	0000	0000	0000	0000	0000	0000	0000	0000	0000	0000	0000	0000	
	------------------------- PARAMETER 04 -------------------------
	TOOL                 	UNR-F050-880NT      
0010	0000	0000	9999	0000	0000	0000	0120	0100	0100	0100	1471	9999	0070	0000	0080	0130	0001	0140	0120	0140	0120	0000	0200	0100	0150	0000	0200	0100	0180	0010	0180	0010	0010	0100	0010	0999	9000	9000	0000	0000	0000	0120	0000	0000	0000	0000	0000	0000	0000	0100	0000	0050	0010	0001	0005	0005	0005	0001	0001	0003	0003	0100	0000	0000	0000	0000	0000	0000	0000	0000	0000	0000	0000	0000	0000	
	------------------------- PARAMETER 05 -------------------------
	TOOL                 	UNR-F050-880NT      
0010	0000	0000	9999	0000	0000	0000	0100	0100	0100	0100	1471	9999	0050	0000	0150	0200	0000	0300	0100	0300	0000	0000	0200	0100	0150	0000	0200	0100	0180	0010	0180	0010	0010	0100	0010	0999	9000	9000	0000	0000	0000	0100	0000	0000	0000	0000	0000	0000	0000	0100	0000	0050	0010	0001	0005	0005	0005	0001	0001	0003	0003	0100	0000	0000	0000	0000	0000	0000	0000	0000	0000	0000	0000	0000	0000	
	------------------------- PARAMETER 06 -------------------------
	TOOL                 	UNR-F050-880NT      
0010	0000	0000	9999	0000	0000	0000	0100	0100	0100	0100	1471	9999	0050	0000	0150	0200	0000	0300	0100	0300	0000	0000	0200	0100	0150	0000	0200	0100	0180	0010	0180	0010	0010	0100	0010	0999	9000	9000	0000	0000	0000	0100	0000	0000	0000	0000	0000	0000	0000	0100	0000	0050	0010	0001	0005	0005	0005	0001	0001	0003	0003	0100	0000	0000	0000	0000	0000	0000	0000	0000	0000	0000	0000	0000	0000	
	------------------------- PARAMETER 07 -------------------------
	TOOL                 	UNR-F050-880NT      
0010	0000	0000	9999	0000	0000	0000	0100	0100	0100	0100	1471	9999	0050	0000	0150	0200	0000	0300	0100	0300	0000	0000	0200	0100	0150	0000	0200	0100	0180	0010	0180	0010	0010	0100	0010	0999	9000	9000	0000	0000	0000	0100	0000	0000	0000	0000	0000	0000	0000	0100	0000	0050	0010	0001	0005	0005	0005	0001	0001	0003	0003	0100	0000	0000	0000	0000	0000	0000	0000	0000	0000	0000	0000	0000	0000	
	------------------------- PARAMETER 08 -------------------------
	TOOL                 	UNR-F050-880NT      
0010	0000	0000	9999	0000	0000	0000	0100	0100	0100	0100	1471	9999	0050	0000	0150	0200	0001	0210	0150	0210	0150	0000	0200	0100	0150	0000	0200	0100	0180	0010	0180	0010	0010	0100	0010	0999	9000	9000	0000	0000	0000	0100	0000	0000	0000	0000	0000	0000	0000	0100	0000	0050	0010	0001	0005	0005	0005	0001	0001	0003	0003	0100	0000	0000	0000	0000	0000	0000	0000	0000	0000	0000	0000	0000	0000	
	------------------------- PARAMETER 09 -------------------------
	TOOL                 	UNR-F050-880NT      
0010	0000	0000	9999	0000	0000	0000	0100	0100	0100	0100	1471	9999	0050	0000	0150	0200	0000	0300	0100	0300	0000	0000	0200	0100	0150	0000	0200	0100	0180	0010	0180	0010	0010	0100	0010	0999	9000	9000	0000	0000	0000	0100	0000	0000	0000	0000	0000	0000	0000	0100	0000	0050	0010	0001	0005	0005	0005	0001	0001	0003	0003	0100	0000	0000	0000	0000	0000	0000	0000	0000	0000	0000	0000	0000	0000	
	------------------------- PARAMETER 10 -------------------------
	TOOL                 	UNR-F050-880NT      
0010	0000	0000	9999	0000	0000	0000	0100	0100	0100	0100	1471	9999	0050	0000	0150	0200	0000	0300	0100	0300	0000	0000	0200	0100	0150	0000	0200	0100	0180	0010	0180	0010	0010	0100	0010	0999	9000	9000	0000	0000	0000	0100	0000	0000	0000	0000	0000	0000	0000	0100	0000	0050	0010	0001	0005	0005	0005	0001	0001	0003	0003	0100	0000	0000	0000	0000	0000	0000	0000	0000	0000	0000	0000	0000	0000	
	------------------------- PARAMETER 11 -------------------------
	TOOL                 	UNR-F050-880NT      
0010	0000	0000	9999	0000	0000	0000	0100	0100	0100	0100	1471	9999	0050	0000	0150	0200	0000	0300	0100	0300	0000	0000	0200	0100	0150	0000	0200	0100	0180	0010	0180	0010	0010	0100	0010	0999	9000	9000	0000	0000	0000	0100	0000	0000	0000	0000	0000	0000	0000	0100	0000	0050	0010	0001	0005	0005	0005	0001	0001	0003	0003	0100	0000	0000	0000	0000	0000	0000	0000	0000	0000	0000	0000	0000	0000	
	------------------------- PARAMETER 12 -------------------------
	TOOL                 	UNR-F050-880NT      
0010	0000	0000	9999	0000	0000	0000	0100	0100	0100	0100	1471	9999	0050	0000	0150	0200	0001	0210	0150	0210	0150	0000	0200	0100	0150	0000	0200	0100	0180	0010	0180	0010	0010	0100	0010	0999	9000	9000	0000	0000	0000	0100	0000	0000	0000	0000	0000	0000	0000	0100	0000	0050	0010	0001	0005	0005	0005	0001	0001	0003	0003	0100	0000	0000	0000	0000	0000	0000	0000	0000	0000	0000	0000	0000	0000	
	------------------------- PARAMETER 13 -------------------------
	TOOL                 	UNR-F050-880NT      
0010	0000	0000	9999	0000	0000	0000	0100	0100	0100	0100	1471	9999	0050	0000	0150	0200	0000	0300	0100	0300	0000	0000	0200	0100	0150	0000	0200	0100	0180	0010	0180	0010	0010	0100	0010	0999	9000	9000	0000	0000	0000	0100	0000	0000	0000	0000	0000	0000	0000	0100	0000	0050	0010	0001	0005	0005	0005	0001	0001	0003	0003	0100	0000	0000	0000	0000	0000	0000	0000	0000	0000	0000	0000	0000	0000	
	------------------------- PARAMETER 14 -------------------------
	TOOL                 	UNR-F050-880NT      
0010	0000	0000	9999	0000	0000	0000	0100	0100	0100	0100	1471	9999	0050	0000	0150	0200	0000	0300	0100	0300	0000	0000	0200	0100	0150	0000	0200	0100	0180	0010	0180	0010	0010	0100	0010	0999	9000	9000	0000	0000	0000	0100	0000	0000	0000	0000	0000	0000	0000	0100	0000	0050	0010	0001	0005	0005	0005	0001	0001	0003	0003	0100	0000	0000	0000	0000	0000	0000	0000	0000	0000	0000	0000	0000	0000	
	------------------------- PARAMETER 15 -------------------------
	TOOL                 	UNR-F050-880NT      
0010	0000	0000	9999	0000	0000	0000	0100	0100	0100	0100	1471	9999	0050	0000	0150	0200	0000	0300	0100	0300	0000	0000	0200	0100	0150	0000	0200	0100	0180	0010	0180	0010	0010	0100	0010	0999	9000	9000	0000	0000	0000	0100	0000	0000	0000	0000	0000	0000	0000	0100	0000	0050	0010	0001	0005	0005	0005	0001	0001	0003	0003	0100	0000	0000	0000	0000	0000	0000	0000	0000	0000	0000	0000	0000	0000	
	------------------------- PARAMETER 16 -------------------------
	TOOL                 	UNR-F050-880NT      
0010	0000	0000	9999	0000	0000	0000	0100	0100	0100	0100	1471	9999	0050	0000	0150	0200	0000	0300	0100	0300	0000	0000	0200	0100	0150	0000	0200	0100	0180	0010	0180	0010	0010	0100	0010	0999	9000	9000	0000	0000	0000	0100	0000	0000	0000	0000	0000	0000	0000	0100	0000	0050	0010	0001	0005	0005	0005	0001	0001	0003	0003	0100	0000	0000	0000	0000	0000	0000	0000	0000	0000	0000	0000	0000	0000	
	------------------------- PARAMETER 17 -------------------------
	TOOL                 	UNR-F050-880NT      
0010	0000	0000	9999	0000	0000	0000	0100	0100	0100	0100	1471	9999	0050	0000	0150	0200	0000	0300	0100	0300	0000	0000	0200	0100	0150	0000	0200	0100	0180	0010	0180	0010	0010	0100	0010	0999	9000	9000	0000	0000	0000	0100	0000	0000	0000	0000	0000	0000	0000	0100	0000	0050	0010	0001	0005	0005	0005	0001	0001	0003	0003	0100	0000	0000	0000	0000	0000	0000	0000	0000	0000	0000	0000	0000	0000	
	------------------------- PARAMETER 18 -------------------------
	TOOL                 	UNR-F050-880NT      
0010	0000	0000	9999	0000	0000	0000	0100	0100	0100	0100	1471	9999	0050	0000	0150	0200	0000	0300	0100	0300	0000	0000	0200	0100	0150	0000	0200	0100	0180	0010	0180	0010	0010	0100	0010	0999	9000	9000	0000	0000	0000	0100	0000	0000	0000	0000	0000	0000	0000	0100	0000	0050	0010	0001	0005	0005	0005	0001	0001	0003	0003	0100	0000	0000	0000	0000	0000	0000	0000	0000	0000	0000	0000	0000	0000	
	------------------------- PARAMETER 19 -------------------------
	TOOL                 	UNR-F050-880NT      
0010	0000	0000	9999	0000	0000	0000	0100	0100	0100	0100	1471	9999	0050	0000	0150	0200	0000	0300	0100	0300	0000	0000	0200	0100	0150	0000	0200	0100	0180	0010	0180	0010	0010	0100	0010	0999	9000	9000	0000	0000	0000	0100	0000	0000	0000	0000	0000	0000	0000	0100	0000	0050	0010	0001	0005	0005	0005	0001	0001	0003	0003	0100	0000	0000	0000	0000	0000	0000	0000	0000	0000	0000	0000	0000	0000	
	------------------------- PARAMETER 20 -------------------------
	TOOL                 	UNR-F050-880NT      
0010	0000	0000	9999	0000	0000	0000	0100	0100	0100	0100	1471	9999	0050	0000	0150	0200	0000	0300	0100	0300	0000	0000	0200	0100	0150	0000	0200	0100	0180	0010	0180	0010	0010	0100	0010	0999	9000	9000	0000	0000	0000	0100	0000	0000	0000	0000	0000	0000	0000	0100	0000	0050	0010	0001	0005	0005	0005	0001	0001	0003	0003	0100	0000	0000	0000	0000	0000	0000	0000	0000	0000	0000	0000	0000	0000	
	------------------------- PARAMETER 21 -------------------------
	TOOL                 	UNR-F050-880NT      
0010	0000	0000	9999	0000	0000	0000	0100	0100	0100	0100	1471	9999	0050	0000	0150	0200	0000	0300	0100	0300	0000	0000	0200	0100	0150	0000	0200	0100	0180	0010	0180	0010	0010	0100	0010	0999	9000	9000	0000	0000	0000	0100	0000	0000	0000	0000	0000	0000	0000	0100	0000	0050	0010	0001	0005	0005	0005	0001	0001	0003	0003	0100	0000	0000	0000	0000	0000	0000	0000	0000	0000	0000	0000	0000	0000	
	------------------------- PARAMETER 22 -------------------------
	TOOL                 	UNR-F050-880NT      
0010	0000	0000	9999	0000	0000	0000	0100	0100	0100	0100	1471	9999	0050	0000	0150	0200	0000	0300	0100	0300	0000	0000	0200	0100	0150	0000	0200	0100	0180	0010	0180	0010	0010	0100	0010	0999	9000	9000	0000	0000	0000	0100	0000	0000	0000	0000	0000	0000	0000	0100	0000	0050	0010	0001	0005	0005	0005	0001	0001	0003	0003	0100	0000	0000	0000	0000	0000	0000	0000	0000	0000	0000	0000	0000	0000	
	------------------------- PARAMETER 23 -------------------------
	TOOL                 	UNR-F050-880NT      
0010	0000	0000	9999	0000	0000	0000	0100	0100	0100	0100	1471	9999	0050	0000	0150	0200	0000	0300	0100	0300	0000	0000	0200	0100	0150	0000	0200	0100	0180	0010	0180	0010	0010	0100	0010	0999	9000	9000	0000	0000	0000	0100	0000	0000	0000	0000	0000	0000	0000	0100	0000	0050	0010	0001	0005	0005	0005	0001	0001	0003	0003	0100	0000	0000	0000	0000	0000	0000	0000	0000	0000	0000	0000	0000	0000	
	------------------------- PARAMETER 24 -------------------------
	TOOL                 	UNR-F050-880NT      
0010	0000	0000	9999	0000	0000	0000	0100	0100	0100	0100	1471	9999	0050	0000	0150	0200	0000	0300	0100	0300	0000	0000	0200	0100	0150	0000	0200	0100	0180	0010	0180	0010	0010	0100	0010	0999	9000	9000	0000	0000	0000	0100	0000	0000	0000	0000	0000	0000	0000	0100	0000	0050	0010	0001	0005	0005	0005	0001	0001	0003	0003	0100	0000	0000	0000	0000	0000	0000	0000	0000	0000	0000	0000	0000	0000	
	------------------------- PARAMETER 25 -------------------------
	TOOL                 	UNR-F050-880NT      
0010	0000	0000	9999	0000	0000	0000	0100	0100	0100	0100	1471	9999	0050	0000	0150	0200	0000	0300	0100	0300	0000	0000	0200	0100	0150	0000	0200	0100	0180	0010	0180	0010	0010	0100	0010	0999	9000	9000	0000	0000	0000	0100	0000	0000	0000	0000	0000	0000	0000	0100	0000	0050	0010	0001	0005	0005	0005	0001	0001	0003	0003	0100	0000	0000	0000	0000	0000	0000	0000	0000	0000	0000	0000	0000	0000	
	------------------------- PARAMETER 26 -------------------------
	TOOL                 	UNR-F050-880NT      
0010	0000	0000	9999	0000	0000	0000	0100	0100	0100	0100	1471	9999	0050	0000	0150	0200	0000	0300	0100	0300	0000	0000	0200	0100	0150	0000	0200	0100	0180	0010	0180	0010	0010	0100	0010	0999	9000	9000	0000	0000	0000	0100	0000	0000	0000	0000	0000	0000	0000	0100	0000	0050	0010	0001	0005	0005	0005	0001	0001	0003	0003	0100	0000	0000	0000	0000	0000	0000	0000	0000	0000	0000	0000	0000	0000	
	------------------------- PARAMETER 27 -------------------------
	TOOL                 	UNR-F050-880NT      
0010	0000	0000	9999	0000	0000	0000	0100	0100	0100	0100	1471	9999	0050	0000	0150	0200	0000	0300	0100	0300	0000	0000	0200	0100	0150	0000	0200	0100	0180	0010	0180	0010	0010	0100	0010	0999	9000	9000	0000	0000	0000	0100	0000	0000	0000	0000	0000	0000	0000	0100	0000	0050	0010	0001	0005	0005	0005	0001	0001	0003	0003	0100	0000	0000	0000	0000	0000	0000	0000	0000	0000	0000	0000	0000	0000	
	------------------------- PARAMETER 28 -------------------------
	TOOL                 	UNR-F050-880NT      
0010	0000	0000	9999	0000	0000	0000	0100	0100	0100	0100	1471	9999	0050	0000	0150	0200	0000	0300	0100	0300	0000	0000	0200	0100	0150	0000	0200	0100	0180	0010	0180	0010	0010	0100	0010	0999	9000	9000	0000	0000	0000	0100	0000	0000	0000	0000	0000	0000	0000	0100	0000	0050	0010	0001	0005	0005	0005	0001	0001	0003	0003	0100	0000	0000	0000	0000	0000	0000	0000	0000	0000	0000	0000	0000	0000	
	------------------------- PARAMETER 29 -------------------------
	TOOL                 	UNR-F050-880NT      
0010	0000	0000	9999	0000	0000	0000	0100	0100	0100	0100	1471	9999	0050	0000	0150	0200	0000	0300	0100	0300	0000	0000	0200	0100	0150	0000	0200	0100	0180	0010	0180	0010	0010	0100	0010	0999	9000	9000	0000	0000	0000	0100	0000	0000	0000	0000	0000	0000	0000	0100	0000	0050	0010	0001	0005	0005	0005	0001	0001	0003	0003	0100	0000	0000	0000	0000	0000	0000	0000	0000	0000	0000	0000	0000	0000	
	------------------------- PARAMETER 30 -------------------------
	TOOL                 	UNR-F050-880NT      
0010	0000	0000	9999	0000	0000	0000	0100	0100	0100	0100	1471	9999	0050	0000	0150	0200	0000	0300	0100	0300	0000	0000	0200	0100	0150	0000	0200	0100	0180	0010	0180	0010	0010	0100	0010	0999	9000	9000	0000	0000	0000	0100	0000	0000	0000	0000	0000	0000	0000	0100	0000	0050	0010	0001	0005	0005	0005	0001	0001	0003	0003	0100	0000	0000	0000	0000	0000	0000	0000	0000	0000	0000	0000	0000	0000	
	------------------------- PARAMETER 31 -------------------------
	TOOL                 	UNR-F050-880NT      
0010	0000	0000	9999	0000	0000	0000	0100	0100	0100	0100	1471	9999	0050	0000	0150	0200	0000	0300	0100	0300	0000	0000	0200	0100	0150	0000	0200	0100	0180	0010	0180	0010	0010	0100	0010	0999	9000	9000	0000	0000	0000	0100	0000	0000	0000	0000	0000	0000	0000	0100	0000	0050	0010	0001	0005	0005	0005	0001	0001	0003	0003	0100	0000	0000	0000	0000	0000	0000	0000	0000	0000	0000	0000	0000	0000	
	------------------------- PARAMETER 32 -------------------------
	TOOL                 	UNR-F050-880NT      
0010	0000	0000	9999	0000	0000	0000	0100	0100	0100	0100	1471	9999	0050	0000	0150	0200	0000	0300	0100	0300	0000	0000	0200	0100	0150	0000	0200	0100	0180	0010	0180	0010	0010	0100	0010	0999	9000	9000	0000	0000	0000	0100	0000	0000	0000	0000	0000	0000	0000	0100	0000	0050	0010	0001	0005	0005	0005	0001	0001	0003	0003	0100	0000	0000	0000	0000	0000	0000	0000	0000	0000	0000	0000	0000	0000	
	------------------------- PARAMETER 33 -------------------------
	TOOL                 	UNR-F050-880NT      
0010	0000	0000	9999	0000	0000	0000	0100	0100	0100	0100	1471	9999	0050	0000	0150	0200	0000	0300	0100	0300	0000	0000	0200	0100	0150	0000	0200	0100	0180	0010	0180	0010	0010	0100	0010	0999	9000	9000	0000	0000	0000	0100	0000	0000	0000	0000	0000	0000	0000	0100	0000	0050	0010	0001	0005	0005	0005	0001	0001	0003	0003	0100	0000	0000	0000	0000	0000	0000	0000	0000	0000	0000	0000	0000	0000	
	------------------------- PARAMETER 34 -------------------------
	TOOL                 	UNR-F050-880NT      
0010	0000	0000	9999	0000	0000	0000	0100	0100	0100	0100	1471	9999	0050	0000	0150	0200	0000	0300	0100	0300	0000	0000	0200	0100	0150	0000	0200	0100	0180	0010	0180	0010	0010	0100	0010	0999	9000	9000	0000	0000	0000	0100	0000	0000	0000	0000	0000	0000	0000	0100	0000	0050	0010	0001	0005	0005	0005	0001	0001	0003	0003	0100	0000	0000	0000	0000	0000	0000	0000	0000	0000	0000	0000	0000	0000	
	------------------------- PARAMETER 35 -------------------------
	TOOL                 	UNR-F050-880NT      
0010	0000	0000	9999	0000	0000	0000	0100	0100	0100	0100	1471	9999	0050	0000	0150	0200	0000	0300	0100	0300	0000	0000	0200	0100	0150	0000	0200	0100	0180	0010	0180	0010	0010	0100	0010	0999	9000	9000	0000	0000	0000	0100	0000	0000	0000	0000	0000	0000	0000	0100	0000	0050	0010	0001	0005	0005	0005	0001	0001	0003	0003	0100	0000	0000	0000	0000	0000	0000	0000	0000	0000	0000	0000	0000	0000	
	------------------------- PARAMETER 36 -------------------------
	TOOL                 	UNR-F050-880NT      
0010	0000	0000	9999	0000	0000	0000	0100	0100	0100	0100	1471	9999	0050	0000	0150	0200	0000	0300	0100	0300	0000	0000	0200	0100	0150	0000	0200	0100	0180	0010	0180	0010	0010	0100	0010	0999	9000	9000	0000	0000	0000	0100	0000	0000	0000	0000	0000	0000	0000	0100	0000	0050	0010	0001	0005	0005	0005	0001	0001	0003	0003	0100	0000	0000	0000	0000	0000	0000	0000	0000	0000	0000	0000	0000	0000	
	------------------------- PARAMETER 37 -------------------------
	TOOL                 	UNR-F050-880NT      
0010	0000	0000	9999	0000	0000	0000	0100	0100	0100	0100	1471	9999	0050	0000	0150	0200	0000	0300	0100	0300	0000	0000	0200	0100	0150	0000	0200	0100	0180	0010	0180	0010	0010	0100	0010	0999	9000	9000	0000	0000	0000	0100	0000	0000	0000	0000	0000	0000	0000	0100	0000	0050	0010	0001	0005	0005	0005	0001	0001	0003	0003	0100	0000	0000	0000	0000	0000	0000	0000	0000	0000	0000	0000	0000	0000	
	------------------------- PARAMETER 38 -------------------------
	TOOL                 	UNR-F050-880NT      
0010	0000	0000	9999	0000	0000	0000	0100	0100	0100	0100	1471	9999	0050	0000	0150	0200	0000	0300	0100	0300	0000	0000	0200	0100	0150	0000	0200	0100	0180	0010	0180	0010	0010	0100	0010	0999	9000	9000	0000	0000	0000	0100	0000	0000	0000	0000	0000	0000	0000	0100	0000	0050	0010	0001	0005	0005	0005	0001	0001	0003	0003	0100	0000	0000	0000	0000	0000	0000	0000	0000	0000	0000	0000	0000	0000	
	------------------------- PARAMETER 39 -------------------------
	TOOL                 	UNR-F050-880NT      
0010	0000	0000	9999	0000	0000	0000	0100	0100	0100	0100	1471	9999	0050	0000	0150	0200	0000	0300	0100	0300	0000	0000	0200	0100	0150	0000	0200	0100	0180	0010	0180	0010	0010	0100	0010	0999	9000	9000	0000	0000	0000	0100	0000	0000	0000	0000	0000	0000	0000	0100	0000	0050	0010	0001	0005	0005	0005	0001	0001	0003	0003	0100	0000	0000	0000	0000	0000	0000	0000	0000	0000	0000	0000	0000	0000	
	------------------------- PARAMETER 40 -------------------------
	TOOL                 	UNR-F050-880NT      
0010	0000	0000	9999	0000	0000	0000	0100	0100	0100	0100	1471	9999	0050	0000	0150	0200	0000	0300	0100	0300	0000	0000	0200	0100	0150	0000	0200	0100	0180	0010	0180	0010	0010	0100	0010	0999	9000	9000	0000	0000	0000	0100	0000	0000	0000	0000	0000	0000	0000	0100	0000	0050	0010	0001	0005	0005	0005	0001	0001	0003	0003	0100	0000	0000	0000	0000	0000	0000	0000	0000	0000	0000	0000	0000	0000	
	------------------------- PARAMETER 41 -------------------------
	TOOL                 	UNR-F050-880NT      
0010	0000	0000	9999	0000	0000	0000	0100	0100	0100	0100	1471	9999	0050	0000	0150	0200	0000	0300	0100	0300	0000	0000	0200	0100	0150	0000	0200	0100	0180	0010	0180	0010	0010	0100	0010	0999	9000	9000	0000	0000	0000	0100	0000	0000	0000	0000	0000	0000	0000	0100	0000	0050	0010	0001	0005	0005	0005	0001	0001	0003	0003	0100	0000	0000	0000	0000	0000	0000	0000	0000	0000	0000	0000	0000	0000	
	------------------------- PARAMETER 42 -------------------------
	TOOL                 	UNR-F050-880NT      
0010	0000	0000	9999	0000	0000	0000	0100	0100	0100	0100	1471	9999	0050	0000	0150	0200	0000	0300	0100	0300	0000	0000	0200	0100	0150	0000	0200	0100	0180	0010	0180	0010	0010	0100	0010	0999	9000	9000	0000	0000	0000	0100	0000	0000	0000	0000	0000	0000	0000	0100	0000	0050	0010	0001	0005	0005	0005	0001	0001	0003	0003	0100	0000	0000	0000	0000	0000	0000	0000	0000	0000	0000	0000	0000	0000	
	------------------------- PARAMETER 43 -------------------------
	TOOL                 	UNR-F050-880NT      
0010	0000	0000	9999	0000	0000	0000	0100	0100	0100	0100	1471	9999	0050	0000	0150	0200	0000	0300	0100	0300	0000	0000	0200	0100	0150	0000	0200	0100	0180	0010	0180	0010	0010	0100	0010	0999	9000	9000	0000	0000	0000	0100	0000	0000	0000	0000	0000	0000	0000	0100	0000	0050	0010	0001	0005	0005	0005	0001	0001	0003	0003	0100	0000	0000	0000	0000	0000	0000	0000	0000	0000	0000	0000	0000	0000	
	------------------------- PARAMETER 44 -------------------------
	TOOL                 	UNR-F050-880NT      
0010	0000	0000	9999	0000	0000	0000	0100	0100	0100	0100	1471	9999	0050	0000	0150	0200	0000	0300	0100	0300	0000	0000	0200	0100	0150	0000	0200	0100	0180	0010	0180	0010	0010	0100	0010	0999	9000	9000	0000	0000	0000	0100	0000	0000	0000	0000	0000	0000	0000	0100	0000	0050	0010	0001	0005	0005	0005	0001	0001	0003	0003	0100	0000	0000	0000	0000	0000	0000	0000	0000	0000	0000	0000	0000	0000	
	------------------------- PARAMETER 45 -------------------------
	TOOL                 	UNR-F050-880NT      
0010	0000	0000	9999	0000	0000	0000	0100	0100	0100	0100	1471	9999	0050	0000	0150	0200	0000	0300	0100	0300	0000	0000	0200	0100	0150	0000	0200	0100	0180	0010	0180	0010	0010	0100	0010	0999	9000	9000	0000	0000	0000	0100	0000	0000	0000	0000	0000	0000	0000	0100	0000	0050	0010	0001	0005	0005	0005	0001	0001	0003	0003	0100	0000	0000	0000	0000	0000	0000	0000	0000	0000	0000	0000	0000	0000	
	------------------------- PARAMETER 46 -------------------------
	TOOL                 	UNR-F050-880NT      
0010	0000	0000	9999	0000	0000	0000	0100	0100	0100	0100	1471	9999	0050	0000	0150	0200	0000	0300	0100	0300	0000	0000	0200	0100	0150	0000	0200	0100	0180	0010	0180	0010	0010	0100	0010	0999	9000	9000	0000	0000	0000	0100	0000	0000	0000	0000	0000	0000	0000	0100	0000	0050	0010	0001	0005	0005	0005	0001	0001	0003	0003	0100	0000	0000	0000	0000	0000	0000	0000	0000	0000	0000	0000	0000	0000	
	------------------------- PARAMETER 47 -------------------------
	TOOL                 	UNR-F050-880NT      
0010	0000	0000	9999	0000	0000	0000	0100	0100	0100	0100	1471	9999	0050	0000	0150	0200	0000	0300	0100	0300	0000	0000	0200	0100	0150	0000	0200	0100	0180	0010	0180	0010	0010	0100	0010	0999	9000	9000	0000	0000	0000	0100	0000	0000	0000	0000	0000	0000	0000	0100	0000	0050	0010	0001	0005	0005	0005	0001	0001	0003	0003	0100	0000	0000	0000	0000	0000	0000	0000	0000	0000	0000	0000	0000	0000	
	------------------------- PARAMETER 48 -------------------------
	TOOL                 	UNR-F050-880NT      
0010	0000	0000	9999	0000	0000	0000	0100	0100	0100	0100	1471	9999	0050	0000	0150	0200	0000	0300	0100	0300	0000	0000	0200	0100	0150	0000	0200	0100	0180	0010	0180	0010	0010	0100	0010	0999	9000	9000	0000	0000	0000	0100	0000	0000	0000	0000	0000	0000	0000	0100	0000	0050	0010	0001	0005	0005	0005	0001	0001	0003	0003	0100	0000	0000	0000	0000	0000	0000	0000	0000	0000	0000	0000	0000	0000	
	------------------------- PARAMETER 49 -------------------------
	TOOL                 	UNR-F050-880NT      
0010	0000	0000	9999	0000	0000	0000	0100	0100	0100	0100	1471	9999	0050	0000	0150	0200	0000	0300	0100	0300	0000	0000	0200	0100	0150	0000	0200	0100	0180	0010	0180	0010	0010	0100	0010	0999	9000	9000	0000	0000	0000	0100	0000	0000	0000	0000	0000	0000	0000	0100	0000	0050	0010	0001	0005	0005	0005	0001	0001	0003	0003	0100	0000	0000	0000	0000	0000	0000	0000	0000	0000	0000	0000	0000	0000	
	------------------------- PARAMETER 50 -------------------------
	TOOL                 	UNR-F050-880NT      
0010	0000	0000	9999	0000	0000	0000	0100	0100	0100	0100	1471	9999	0050	0000	0150	0200	0000	0300	0100	0300	0000	0000	0200	0100	0150	0000	0200	0100	0180	0010	0180	0010	0010	0100	0010	0999	9000	9000	0000	0000	0000	0100	0000	0000	0000	0000	0000	0000	0000	0100	0000	0050	0010	0001	0005	0005	0005	0001	0001	0003	0003	0100	0000	0000	0000	0000	0000	0000	0000	0000	0000	0000	0000	0000	0000	
	------------------------- PARAMETER 51 -------------------------
	TOOL                 	UNR-F050-880NT      
0010	0000	0000	9999	0000	0000	0000	0100	0100	0100	0100	1471	9999	0050	0000	0150	0200	0000	0300	0100	0300	0000	0000	0200	0100	0150	0000	0200	0100	0180	0010	0180	0010	0010	0100	0010	0999	9000	9000	0000	0000	0000	0100	0000	0000	0000	0000	0000	0000	0000	0100	0000	0050	0010	0001	0005	0005	0005	0001	0001	0003	0003	0100	0000	0000	0000	0000	0000	0000	0000	0000	0000	0000	0000	0000	0000	
	------------------------- PARAMETER 52 -------------------------
	TOOL                 	UNR-F050-880NT      
0010	0000	0000	9999	0000	0000	0000	0100	0100	0100	0100	1471	9999	0050	0000	0150	0200	0000	0300	0100	0300	0000	0000	0200	0100	0150	0000	0200	0100	0180	0010	0180	0010	0010	0100	0010	0999	9000	9000	0000	0000	0000	0100	0000	0000	0000	0000	0000	0000	0000	0100	0000	0050	0010	0001	0005	0005	0005	0001	0001	0003	0003	0100	0000	0000	0000	0000	0000	0000	0000	0000	0000	0000	0000	0000	0000	
	------------------------- PARAMETER 53 -------------------------
	TOOL                 	UNR-F050-880NT      
0010	0000	0000	9999	0000	0000	0000	0100	0100	0100	0100	1471	9999	0050	0000	0150	0200	0000	0300	0100	0300	0000	0000	0200	0100	0150	0000	0200	0100	0180	0010	0180	0010	0010	0100	0010	0999	9000	9000	0000	0000	0000	0100	0000	0000	0000	0000	0000	0000	0000	0100	0000	0050	0010	0001	0005	0005	0005	0001	0001	0003	0003	0100	0000	0000	0000	0000	0000	0000	0000	0000	0000	0000	0000	0000	0000	
	------------------------- PARAMETER 54 -------------------------
	TOOL                 	UNR-F050-880NT      
0010	0000	0000	9999	0000	0000	0000	0100	0100	0100	0100	1471	9999	0050	0000	0150	0200	0000	0300	0100	0300	0000	0000	0200	0100	0150	0000	0200	0100	0180	0010	0180	0010	0010	0100	0010	0999	9000	9000	0000	0000	0000	0100	0000	0000	0000	0000	0000	0000	0000	0100	0000	0050	0010	0001	0005	0005	0005	0001	0001	0003	0003	0100	0000	0000	0000	0000	0000	0000	0000	0000	0000	0000	0000	0000	0000	
	------------------------- PARAMETER 55 -------------------------
	TOOL                 	UNR-F050-880NT      
0010	0000	0000	9999	0000	0000	0000	0100	0100	0100	0100	1471	9999	0050	0000	0150	0200	0000	0300	0100	0300	0000	0000	0200	0100	0150	0000	0200	0100	0180	0010	0180	0010	0010	0100	0010	0999	9000	9000	0000	0000	0000	0100	0000	0000	0000	0000	0000	0000	0000	0100	0000	0050	0010	0001	0005	0005	0005	0001	0001	0003	0003	0100	0000	0000	0000	0000	0000	0000	0000	0000	0000	0000	0000	0000	0000	
	------------------------- PARAMETER 56 -------------------------
	TOOL                 	UNR-F050-880NT      
0010	0000	0000	9999	0000	0000	0000	0100	0100	0100	0100	1471	9999	0050	0000	0150	0200	0000	0300	0100	0300	0000	0000	0200	0100	0150	0000	0200	0100	0180	0010	0180	0010	0010	0100	0010	0999	9000	9000	0000	0000	0000	0100	0000	0000	0000	0000	0000	0000	0000	0100	0000	0050	0010	0001	0005	0005	0005	0001	0001	0003	0003	0100	0000	0000	0000	0000	0000	0000	0000	0000	0000	0000	0000	0000	0000	
	------------------------- PARAMETER 57 -------------------------
	TOOL                 	UNR-F050-880NT      
0010	0000	0000	9999	0000	0000	0000	0100	0100	0100	0100	1471	9999	0050	0000	0150	0200	0000	0300	0100	0300	0000	0000	0200	0100	0150	0000	0200	0100	0180	0010	0180	0010	0010	0100	0010	0999	9000	9000	0000	0000	0000	0100	0000	0000	0000	0000	0000	0000	0000	0100	0000	0050	0010	0001	0005	0005	0005	0001	0001	0003	0003	0100	0000	0000	0000	0000	0000	0000	0000	0000	0000	0000	0000	0000	0000	
	------------------------- PARAMETER 58 -------------------------
	TOOL                 	UNR-F050-880NT      
0010	0000	0000	9999	0000	0000	0000	0100	0100	0100	0100	1471	9999	0050	0000	0150	0200	0000	0300	0100	0300	0000	0000	0200	0100	0150	0000	0200	0100	0180	0010	0180	0010	0010	0100	0010	0999	9000	9000	0000	0000	0000	0100	0000	0000	0000	0000	0000	0000	0000	0100	0000	0050	0010	0001	0005	0005	0005	0001	0001	0003	0003	0100	0000	0000	0000	0000	0000	0000	0000	0000	0000	0000	0000	0000	0000	
	------------------------- PARAMETER 59 -------------------------
	TOOL                 	UNR-F050-880NT      
0010	0000	0000	9999	0000	0000	0000	0100	0100	0100	0100	1471	9999	0050	0000	0150	0200	0000	0300	0100	0300	0000	0000	0200	0100	0150	0000	0200	0100	0180	0010	0180	0010	0010	0100	0010	0999	9000	9000	0000	0000	0000	0100	0000	0000	0000	0000	0000	0000	0000	0100	0000	0050	0010	0001	0005	0005	0005	0001	0001	0003	0003	0100	0000	0000	0000	0000	0000	0000	0000	0000	0000	0000	0000	0000	0000	
	------------------------- PARAMETER 60 -------------------------
	TOOL                 	UNR-F050-880NT      
0010	0000	0000	9999	0000	0000	0000	0100	0100	0100	0100	1471	9999	0050	0000	0150	0200	0000	0300	0100	0300	0000	0000	0200	0100	0150	0000	0200	0100	0180	0010	0180	0010	0010	0100	0010	0999	9000	9000	0000	0000	0000	0100	0000	0000	0000	0000	0000	0000	0000	0100	0000	0050	0010	0001	0005	0005	0005	0001	0001	0003	0003	0100	0000	0000	0000	0000	0000	0000	0000	0000	0000	0000	0000	0000	0000	
	------------------------- PARAMETER 61 -------------------------
	TOOL                 	UNR-F050-880NT      
0010	0000	0000	9999	0000	0000	0000	0100	0100	0100	0100	1471	9999	0050	0000	0150	0200	0000	0300	0100	0300	0000	0000	0200	0100	0150	0000	0200	0100	0180	0010	0180	0010	0010	0100	0010	0999	9000	9000	0000	0000	0000	0100	0000	0000	0000	0000	0000	0000	0000	0100	0000	0050	0010	0001	0005	0005	0005	0001	0001	0003	0003	0100	0000	0000	0000	0000	0000	0000	0000	0000	0000	0000	0000	0000	0000	
	------------------------- PARAMETER 62 -------------------------
	TOOL                 	UNR-F050-880NT      
0010	0000	0000	9999	0000	0000	0000	0100	0100	0100	0100	1471	9999	0050	0000	0150	0200	0000	0300	0100	0300	0000	0000	0200	0100	0150	0000	0200	0100	0180	0010	0180	0010	0010	0100	0010	0999	9000	9000	0000	0000	0000	0100	0000	0000	0000	0000	0000	0000	0000	0100	0000	0050	0010	0001	0005	0005	0005	0001	0001	0003	0003	0100	0000	0000	0000	0000	0000	0000	0000	0000	0000	0000	0000	0000	0000	
	------------------------- PARAMETER 63 -------------------------
	TOOL                 	UNR-F050-880NT      
0010	0000	0000	9999	0000	0000	0000	0100	0100	0100	0100	1471	9999	0050	0000	0150	0200	0000	0300	0100	0300	0000	0000	0200	0100	0150	0000	0200	0100	0180	0010	0180	0010	0010	0100	0010	0999	9000	9000	0000	0000	0000	0100	0000	0000	0000	0000	0000	0000	0000	0100	0000	0050	0010	0001	0005	0005	0005	0001	0001	0003	0003	0100	0000	0000	0000	0000	0000	0000	0000	0000	0000	0000	0000	0000	0000	
	------------------------- PARAMETER 64 -------------------------
	TOOL                 	UNR-F050-880NT      
0010	0000	0000	9999	0000	0000	0000	0100	0100	0100	0100	1471	9999	0050	0000	9999	9000	0001	0300	0100	0300	0000	0000	0200	0100	0150	0000	0200	0100	0180	0010	0180	0010	0010	0100	0010	0999	9000	9000	0000	0000	0000	0100	0000	0000	0000	0000	0000	0000	0005	0100	0000	0050	0010	0001	0005	0005	0005	0001	0001	0003	0003	0100	0000	0000	0000	0000	0000	0000	0000	0000	0000	0000	0000	0000	0000	
------------------------- END OF PARAMETER FILE -------------------------
